2016.6.4 49580 1577 12867 1.8 1609
2016.6.4 49583 1578 12867 1.8 1609
2016.6.5 49719 1555 12867 1.8 1609
2016.6.6 49945 1560 12867 2.4 5112
2016.6.7 50133 1553 12867 2.3 5270
2016.6.8 50344 1554 5506 1.5 1067
2016.6.9 50230 1553 5506 2.1 1282
2016.6.10 50114 1550 5506 2.9 3043
2016.6.11 50195 1560 5506 2.6 4243
2016.6.12 50239 1564 5506 2.6 4663
2016.6.13 50309 1567 5506 2.6 4663
2016.6.14 50426 1576 5506 2.1 1552
2016.6.15 50499 1558 5506 2.1 1552
2016.6.16 50397 1564 5506 1.6 0
2016.6.17 50287 1566 5506 2.5 1779
2016.6.18 50050 1570 5506 2.5 1779
2016.6.19 49937 1576 5506 2.4 2049
2016.6.20 49948 1611 5506 3.1 6271
2016.6.21 50112 1635 5506 2.8 6077
2016.6.22 50269 1646 5506 2.1 1567
