全市 商业 22 1358.23 64167 18157 1911073.18 
全市 办公楼 10 505.73 50382 3315 568078.19 
全市 住宅 57 5645.45 50241 36845 4014083.91 
全市 其他 0 0 0 1658 554281.20 
全市 小计 89 7509.41 52770 59975 7047516.48 
宝安 商业 6 325.63 37179 6251 723401.33 
宝安 办公楼 0 0 0 812 89545.92 
宝安 住宅 27 3233.70 48673 13880 1574365.06 
宝安 其他 0 0 0 413 83240.90 
宝安 小计 33 3559.33 47621 21356 2470553.21 
福田 商业 0 0 0 2025 137474.53 
福田 办公楼 0 0 0 1050 292373.40 
福田 住宅 0 0 0 1462 156097.48 
福田 其他 0 0 0 228 130958.13 
福田 小计 0 0 0 4765 716903.54 
龙岗 商业 4 182.13 40562 6409 539800.97 
龙岗 办公楼 0 0 0 615 83900.87 
龙岗 住宅 10 959.45 39406 14613 1404753.09 
龙岗 其他 0 0 0 97 53107.42 
龙岗 小计 14 1141.58 39590 21734 2081562.35 
罗湖 商业 2 114.88 51310 1275 118485.39 
罗湖 办公楼 1 43.84 56699 404 44076.87 
罗湖 住宅 1 121.08 86724 2129 218072.38 
罗湖 其他 0 0 0 2 534.46 
罗湖 小计 4 279.80 67480 3810 381169.10 
南山 商业 10 735.59 83966 1607 320703.39 
南山 办公楼 0 0 0 345 51483.46 
南山 住宅 19 1331.22 58543 3914 573448.33 
南山 其他 0 0 0 871 254559.51 
南山 小计 29 2066.81 67591 6737 1200194.69 
盐田 商业 0 0 0 590 71207.57 
盐田 办公楼 9 461.89 49783 89 6697.67 
盐田 住宅 0 0 0 847 87347.57 
盐田 其他 0 0 0 47 31880.78 
盐田 小计 9 461.89 49783 1573 197133.59 
