全市 商业 5 339.08 50783 19212 2068679.19 
全市 办公楼 0 0 0 3655 587252.46 
全市 住宅 10 1106.77 48318 37979 4132662.67 
全市 其他 0 0 0 1658 554281.20 
全市 小计 15 1445.85 48896 62504 7342875.52 
宝安 商业 2 182.50 60266 6249 723218.83 
宝安 办公楼 0 0 0 812 89545.92 
宝安 住宅 3 395.10 68198 13836 1569698.23 
宝安 其他 0 0 0 413 83240.90 
宝安 小计 5 577.60 65692 21310 2465703.88 
福田 商业 0 0 0 2025 137474.53 
福田 办公楼 0 0 0 1050 292373.40 
福田 住宅 0 0 0 1461 155909.08 
福田 其他 0 0 0 228 130958.13 
福田 小计 0 0 0 4764 716715.14 
龙岗 商业 0 0 0 7483 698739.70 
龙岗 办公楼 0 0 0 955 103075.14 
龙岗 住宅 7 711.67 37281 15652 1505082.89 
龙岗 其他 0 0 0 97 53107.42 
龙岗 小计 7 711.67 37281 24187 2360005.15 
罗湖 商业 3 156.58 39730 1270 118208.40 
罗湖 办公楼 0 0 0 404 44076.87 
罗湖 住宅 0 0 0 2129 218072.38 
罗湖 其他 0 0 0 2 534.46 
罗湖 小计 3 156.58 39730 3805 380892.11 
南山 商业 0 0 0 1595 319830.16 
南山 办公楼 0 0 0 345 51483.46 
南山 住宅 0 0 0 4059 596939.36 
南山 其他 0 0 0 871 254559.51 
南山 小计 0 0 0 6870 1222812.49 
盐田 商业 0 0 0 590 71207.57 
盐田 办公楼 0 0 0 89 6697.67 
盐田 住宅 0 0 0 842 86960.73 
盐田 其他 0 0 0 47 31880.78 
盐田 小计 0 0 0 1568 196746.75 
