全市 商业 35 2164.53 46141 19217 2069018.27 
全市 办公楼 0 0 0 3655 587252.46 
全市 住宅 74 7990.46 54168 37996 4135275.89 
全市 其他 0 0 0 1658 554281.20 
全市 小计 109 10154.99 52457 62526 7345827.82 
宝安 商业 0 0 0 6251 723401.33 
宝安 办公楼 0 0 0 812 89545.92 
宝安 住宅 41 4095.45 38997 13845 1571511.61 
宝安 其他 0 0 0 413 83240.90 
宝安 小计 41 4095.45 38997 21321 2467699.76 
福田 商业 0 0 0 2025 137474.53 
福田 办公楼 0 0 0 1050 292373.40 
福田 住宅 1 188.40 96966 1461 155909.08 
福田 其他 0 0 0 228 130958.13 
福田 小计 1 188.40 96966 4764 716715.14 
龙岗 商业 21 1170.89 33407 7483 698739.70 
龙岗 办公楼 0 0 0 955 103075.14 
龙岗 住宅 11 974.76 44842 15659 1505794.56 
龙岗 其他 0 0 0 97 53107.42 
龙岗 小计 32 2145.65 38602 24194 2360716.82 
罗湖 商业 2 120.41 49039 1273 118364.98 
罗湖 办公楼 0 0 0 404 44076.87 
罗湖 住宅 0 0 0 2129 218072.38 
罗湖 其他 0 0 0 2 534.46 
罗湖 小计 2 120.41 49039 3808 381048.69 
南山 商业 12 873.23 62817 1595 319830.16 
南山 办公楼 0 0 0 345 51483.46 
南山 住宅 16 2345.01 83009 4060 597027.53 
南山 其他 0 0 0 871 254559.51 
南山 小计 28 3218.24 77530 6871 1222900.66 
盐田 商业 0 0 0 590 71207.57 
盐田 办公楼 0 0 0 89 6697.67 
盐田 住宅 5 386.84 42604 842 86960.73 
盐田 其他 0 0 0 47 31880.78 
盐田 小计 5 386.84 42604 1568 196746.75 
