全市 商业 0 0 0 19061 2055539.22 
全市 办公楼 1 78.43 21291 3654 587174.03 
全市 住宅 10 913.51 33191 37471 4098024.18 
全市 其他 0 0 0 1658 554281.20 
全市 小计 11 991.94 32251 61844 7295018.63 
宝安 商业 0 0 0 6249 723218.83 
宝安 办公楼 1 78.43 21291 811 89467.49 
宝安 住宅 3 299.78 43000 13833 1569398.45 
宝安 其他 0 0 0 413 83240.90 
宝安 小计 4 378.21 38498 21306 2465325.67 
福田 商业 0 0 0 2025 137474.53 
福田 办公楼 0 0 0 1050 292373.40 
福田 住宅 0 0 0 1461 155909.08 
福田 其他 0 0 0 228 130958.13 
福田 小计 0 0 0 4764 716715.14 
龙岗 商业 0 0 0 7483 698739.70 
龙岗 办公楼 0 0 0 955 103075.14 
龙岗 住宅 7 613.73 28400 15645 1504469.16 
龙岗 其他 0 0 0 97 53107.42 
龙岗 小计 7 613.73 28400 24180 2359391.42 
罗湖 商业 0 0 0 1119 105068.43 
罗湖 办公楼 0 0 0 404 44076.87 
罗湖 住宅 0 0 0 1907 202417.72 
罗湖 其他 0 0 0 2 534.46 
罗湖 小计 0 0 0 3432 352097.48 
南山 商业 0 0 0 1595 319830.16 
南山 办公楼 0 0 0 345 51483.46 
南山 住宅 0 0 0 3783 578869.04 
南山 其他 0 0 0 871 254559.51 
南山 小计 0 0 0 6594 1204742.17 
盐田 商业 0 0 0 590 71207.57 
盐田 办公楼 0 0 0 89 6697.67 
盐田 住宅 0 0 0 842 86960.73 
盐田 其他 0 0 0 47 31880.78 
盐田 小计 0 0 0 1568 196746.75 
